file                              format  type  num_seqs    sum_len    min_len      avg_len    max_len         Q1           Q2           Q3  sum_gap        N50  N50_num  Q20(%)  Q30(%)  AvgQual  GC(%)  sum_n
data/genomes/GCF_000005845.2.fna  FASTA   DNA          1  4,641,652  4,641,652    4,641,652  4,641,652  4,641,652    4,641,652    4,641,652        0  4,641,652        1       0       0        0  50.79      0
data/genomes/GCF_000007445.1.fna  FASTA   DNA          1  5,231,428  5,231,428    5,231,428  5,231,428  5,231,428    5,231,428    5,231,428        0  5,231,428        1       0       0        0  50.47     87
data/genomes/GCF_000008865.2.fna  FASTA   DNA          3  5,594,605      3,306  1,864,868.3  5,498,578   48,013.5       92,721  2,795,649.5        0  5,498,578        1       0       0        0  50.48      0
data/genomes/GCF_000245515.1.fna  FASTA   DNA          6  5,448,306      5,954      908,051  5,263,980      6,211       39,073       94,015        0  5,263,980        1       0       0        0   50.4      0
data/genomes/GCF_000285655.3.fna  FASTA   DNA          3  5,249,449      4,080  1,749,816.3  5,109,767     69,841      135,602  2,622,684.5        0  5,109,767        1       0       0        0  50.81      0
data/genomes/GCF_000299255.1.fna  FASTA   DNA          4  5,438,174      1,549  1,359,543.5  5,253,138     37,881     91,743.5    2,681,206        0  5,253,138        1       0       0        0  50.59      0
data/genomes/GCF_008152105.1.fna  FASTA   DNA          2  5,273,509    278,067  2,636,754.5  4,995,442    278,067  2,636,754.5    4,995,442        0  4,995,442        1       0       0        0   50.4      0
data/genomes/GCF_017357505.1.fna  FASTA   DNA          4  5,312,633     28,563  1,328,158.3  5,152,857     32,786     65,606.5  2,623,530.5        0  5,152,857        1       0       0        0  50.27      0
data/genomes/GCF_018798845.1.fna  FASTA   DNA          4  5,092,092      2,113    1,273,023  4,944,762     23,156     72,608.5    2,522,890        0  4,944,762        1       0       0        0  50.57      0
data/genomes/GCF_030988725.1.fna  FASTA   DNA          4  5,035,042      2,113  1,258,760.5  4,935,580    3,092.5     48,674.5  2,514,428.5        0  4,935,580        1       0       0        0  50.65      0
